{
  "n_max": 3,
  "dirac_mode": "ch_plus_offdiag",
  "dim_H": 20,
  "op_sys_dim": 55,
  "labels": [
    "|1,0,-1/2>",
    "|1,0,+1/2>",
    "|2,0,-1/2>",
    "|2,0,+1/2>",
    "|2,1,-3/2>",
    "|2,1,-1/2>",
    "|2,1,+1/2>",
    "|2,1,+3/2>",
    "|3,0,-1/2>",
    "|3,0,+1/2>",
    "|3,1,-3/2>",
    "|3,1,-1/2>",
    "|3,1,+1/2>",
    "|3,1,+3/2>",
    "|3,2,-5/2>",
    "|3,2,-3/2>",
    "|3,2,-1/2>",
    "|3,2,+1/2>",
    "|3,2,+3/2>",
    "|3,2,+5/2>"
  ],
  "distance_matrix": [
    [
      0.0,
      0.0,
      0.43165685464512166,
      0.43165685464512166,
      0.24247136115919335,
      0.3104145299086859,
      0.3104145299086859,
      0.24247136115919335,
      1.1661811519641376,
      1.1661811519641376,
      1.1436341942685175,
      1.1349171182706088,
      1.1349171182706088,
      1.1436341942685175,
      0.4922276753323445,
      0.9458897322431102,
      0.8328829828749902,
      0.8328829828749902,
      0.9458897322431102,
      0.4922276753323445
    ],
    [
      0.0,
      0.0,
      0.43165685464512166,
      0.43165685464512166,
      0.24247136115919335,
      0.3104145299086859,
      0.3104145299086859,
      0.24247136115919335,
      1.1661811519641376,
      1.1661811519641376,
      1.1436341942685175,
      1.1349171182706088,
      1.1349171182706088,
      1.1436341942685175,
      0.4922276753323445,
      0.9458897322431102,
      0.8328829828749902,
      0.8328829828749902,
      0.9458897322431102,
      0.4922276753323445
    ],
    [
      0.43165685464512166,
      0.43165685464512166,
      0.0,
      0.0,
      0.5598180045849807,
      0.6858648276631369,
      0.6858648276631369,
      0.5598180045849807,
      1.4308278476755656,
      1.4308278476755656,
      0.7655969836259744,
      0.8362298690161674,
      0.8362298690161674,
      0.7655969836259744,
      0.8048143078663734,
      1.3544661823859876,
      1.0764268771987604,
      1.0764268771987604,
      1.3544661823859876,
      0.8048143078663734
    ],
    [
      0.43165685464512166,
      0.43165685464512166,
      0.0,
      0.0,
      0.5598180045849807,
      0.6858648276631369,
      0.6858648276631369,
      0.5598180045849807,
      1.4308278476755656,
      1.4308278476755656,
      0.7655969836259744,
      0.8362298690161674,
      0.8362298690161674,
      0.7655969836259744,
      0.8048143078663734,
      1.3544661823859876,
      1.0764268771987604,
      1.0764268771987604,
      1.3544661823859876,
      0.8048143078663734
    ],
    [
      0.24247136115919335,
      0.24247136115919335,
      0.5598180045849807,
      0.5598180045849807,
      0.0,
      0.46472093437036255,
      0.46472093437036255,
      0.0,
      1.2855471655912238,
      1.2855471655912238,
      1.2032914968834694,
      1.2173932027948229,
      1.2173932027948229,
      1.2032914968834694,
      0.2976529944054933,
      0.9522961087995203,
      1.02422056119068,
      1.02422056119068,
      0.9522961087995203,
      0.2976529944054933
    ],
    [
      0.3104145299086859,
      0.3104145299086859,
      0.6858648276631369,
      0.6858648276631369,
      0.46472093437036255,
      0.0,
      0.0,
      0.46472093437036255,
      0.9606854644793988,
      0.9606854644793988,
      1.367202258522468,
      1.3674484792762094,
      1.3674484792762094,
      1.367202258522468,
      0.6862251000696793,
      0.8631126318974915,
      0.7095147569070768,
      0.7095147569070768,
      0.8631126318974915,
      0.6862251000696793
    ],
    [
      0.3104145299086859,
      0.3104145299086859,
      0.6858648276631369,
      0.6858648276631369,
      0.46472093437036255,
      0.0,
      0.0,
      0.46472093437036255,
      0.9606854644793988,
      0.9606854644793988,
      1.367202258522468,
      1.3674484792762094,
      1.3674484792762094,
      1.367202258522468,
      0.6862251000696793,
      0.8631126318974915,
      0.7095147569070768,
      0.7095147569070768,
      0.8631126318974915,
      0.6862251000696793
    ],
    [
      0.24247136115919335,
      0.24247136115919335,
      0.5598180045849807,
      0.5598180045849807,
      0.0,
      0.46472093437036255,
      0.46472093437036255,
      0.0,
      1.2855471655912238,
      1.2855471655912238,
      1.2032914968834694,
      1.2173932027948229,
      1.2173932027948229,
      1.2032914968834694,
      0.2976529944054933,
      0.9522961087995203,
      1.02422056119068,
      1.02422056119068,
      0.9522961087995203,
      0.2976529944054933
    ],
    [
      1.1661811519641376,
      1.1661811519641376,
      1.4308278476755656,
      1.4308278476755656,
      1.2855471655912238,
      0.9606854644793988,
      0.9606854644793988,
      1.2855471655912238,
      0.0,
      0.0,
      2.0036419086058888,
      2.1626896695167903,
      2.1626896695167903,
      2.0036419086058888,
      1.3042049824111925,
      1.3583503612233025,
      0.8905954382170509,
      0.8905954382170509,
      1.3583503612233025,
      1.3042049824111925
    ],
    [
      1.1661811519641376,
      1.1661811519641376,
      1.4308278476755656,
      1.4308278476755656,
      1.2855471655912238,
      0.9606854644793988,
      0.9606854644793988,
      1.2855471655912238,
      0.0,
      0.0,
      2.0036419086058888,
      2.1626896695167903,
      2.1626896695167903,
      2.0036419086058888,
      1.3042049824111925,
      1.3583503612233025,
      0.8905954382170509,
      0.8905954382170509,
      1.3583503612233025,
      1.3042049824111925
    ],
    [
      1.1436341942685175,
      1.1436341942685175,
      0.7655969836259744,
      0.7655969836259744,
      1.2032914968834694,
      1.367202258522468,
      1.367202258522468,
      1.2032914968834694,
      2.0036419086058888,
      2.0036419086058888,
      0.0,
      1.2919443650042335,
      1.2919443650042335,
      0.0,
      1.3519352889194631,
      1.9664023918730538,
      1.4393831131536574,
      1.4393831131536574,
      1.9664023918730538,
      1.3519352889194631
    ],
    [
      1.1349171182706088,
      1.1349171182706088,
      0.8362298690161674,
      0.8362298690161674,
      1.2173932027948229,
      1.3674484792762094,
      1.3674484792762094,
      1.2173932027948229,
      2.1626896695167903,
      2.1626896695167903,
      1.2919443650042335,
      0.0,
      0.0,
      1.2919443650042335,
      1.402785468808526,
      1.6967279984138053,
      1.814455937421518,
      1.814455937421518,
      1.6967279984138053,
      1.402785468808526
    ],
    [
      1.1349171182706088,
      1.1349171182706088,
      0.8362298690161674,
      0.8362298690161674,
      1.2173932027948229,
      1.3674484792762094,
      1.3674484792762094,
      1.2173932027948229,
      2.1626896695167903,
      2.1626896695167903,
      1.2919443650042335,
      0.0,
      0.0,
      1.2919443650042335,
      1.402785468808526,
      1.6967279984138053,
      1.814455937421518,
      1.814455937421518,
      1.6967279984138053,
      1.402785468808526
    ],
    [
      1.1436341942685175,
      1.1436341942685175,
      0.7655969836259744,
      0.7655969836259744,
      1.2032914968834694,
      1.367202258522468,
      1.367202258522468,
      1.2032914968834694,
      2.0036419086058888,
      2.0036419086058888,
      0.0,
      1.2919443650042335,
      1.2919443650042335,
      0.0,
      1.3519352889194631,
      1.9664023918730538,
      1.4393831131536574,
      1.4393831131536574,
      1.9664023918730538,
      1.3519352889194631
    ],
    [
      0.4922276753323445,
      0.4922276753323445,
      0.8048143078663734,
      0.8048143078663734,
      0.2976529944054933,
      0.6862251000696793,
      0.6862251000696793,
      0.2976529944054933,
      1.3042049824111925,
      1.3042049824111925,
      1.3519352889194631,
      1.402785468808526,
      1.402785468808526,
      1.3519352889194631,
      0.0,
      1.1002604795886886,
      1.0422153416580864,
      1.0422153416580864,
      1.1002604795886886,
      0.0
    ],
    [
      0.9458897322431102,
      0.9458897322431102,
      1.3544661823859876,
      1.3544661823859876,
      0.9522961087995203,
      0.8631126318974915,
      0.8631126318974915,
      0.9522961087995203,
      1.3583503612233025,
      1.3583503612233025,
      1.9664023918730538,
      1.6967279984138053,
      1.6967279984138053,
      1.9664023918730538,
      1.1002604795886886,
      0.0,
      1.5530388034951672,
      1.5530388034951672,
      0.0,
      1.1002604795886886
    ],
    [
      0.8328829828749902,
      0.8328829828749902,
      1.0764268771987604,
      1.0764268771987604,
      1.02422056119068,
      0.7095147569070768,
      0.7095147569070768,
      1.02422056119068,
      0.8905954382170509,
      0.8905954382170509,
      1.4393831131536574,
      1.814455937421518,
      1.814455937421518,
      1.4393831131536574,
      1.0422153416580864,
      1.5530388034951672,
      0.0,
      0.0,
      1.5530388034951672,
      1.0422153416580864
    ],
    [
      0.8328829828749902,
      0.8328829828749902,
      1.0764268771987604,
      1.0764268771987604,
      1.02422056119068,
      0.7095147569070768,
      0.7095147569070768,
      1.02422056119068,
      0.8905954382170509,
      0.8905954382170509,
      1.4393831131536574,
      1.814455937421518,
      1.814455937421518,
      1.4393831131536574,
      1.0422153416580864,
      1.5530388034951672,
      0.0,
      0.0,
      1.5530388034951672,
      1.0422153416580864
    ],
    [
      0.9458897322431102,
      0.9458897322431102,
      1.3544661823859876,
      1.3544661823859876,
      0.9522961087995203,
      0.8631126318974915,
      0.8631126318974915,
      0.9522961087995203,
      1.3583503612233025,
      1.3583503612233025,
      1.9664023918730538,
      1.6967279984138053,
      1.6967279984138053,
      1.9664023918730538,
      1.1002604795886886,
      0.0,
      1.5530388034951672,
      1.5530388034951672,
      0.0,
      1.1002604795886886
    ],
    [
      0.4922276753323445,
      0.4922276753323445,
      0.8048143078663734,
      0.8048143078663734,
      0.2976529944054933,
      0.6862251000696793,
      0.6862251000696793,
      0.2976529944054933,
      1.3042049824111925,
      1.3042049824111925,
      1.3519352889194631,
      1.402785468808526,
      1.402785468808526,
      1.3519352889194631,
      0.0,
      1.1002604795886886,
      1.0422153416580864,
      1.0422153416580864,
      1.1002604795886886,
      0.0
    ]
  ],
  "graph_distance_matrix": [
    [
      0,
      1,
      1,
      2,
      3,
      2,
      3,
      4,
      2,
      3,
      4,
      3,
      4,
      5,
      6,
      5,
      4,
      5,
      6,
      7
    ],
    [
      1,
      0,
      2,
      1,
      4,
      3,
      2,
      3,
      3,
      2,
      5,
      4,
      3,
      4,
      7,
      6,
      5,
      4,
      5,
      6
    ],
    [
      1,
      2,
      0,
      1,
      2,
      1,
      2,
      3,
      1,
      2,
      3,
      2,
      3,
      4,
      5,
      4,
      3,
      4,
      5,
      6
    ],
    [
      2,
      1,
      1,
      0,
      3,
      2,
      1,
      2,
      2,
      1,
      4,
      3,
      2,
      3,
      6,
      5,
      4,
      3,
      4,
      5
    ],
    [
      3,
      4,
      2,
      3,
      0,
      1,
      2,
      3,
      3,
      4,
      1,
      2,
      3,
      4,
      3,
      2,
      3,
      4,
      5,
      6
    ],
    [
      2,
      3,
      1,
      2,
      1,
      0,
      1,
      2,
      2,
      3,
      2,
      1,
      2,
      3,
      4,
      3,
      2,
      3,
      4,
      5
    ],
    [
      3,
      2,
      2,
      1,
      2,
      1,
      0,
      1,
      3,
      2,
      3,
      2,
      1,
      2,
      5,
      4,
      3,
      2,
      3,
      4
    ],
    [
      4,
      3,
      3,
      2,
      3,
      2,
      1,
      0,
      4,
      3,
      4,
      3,
      2,
      1,
      6,
      5,
      4,
      3,
      2,
      3
    ],
    [
      2,
      3,
      1,
      2,
      3,
      2,
      3,
      4,
      0,
      1,
      2,
      1,
      2,
      3,
      4,
      3,
      2,
      3,
      4,
      5
    ],
    [
      3,
      2,
      2,
      1,
      4,
      3,
      2,
      3,
      1,
      0,
      3,
      2,
      1,
      2,
      5,
      4,
      3,
      2,
      3,
      4
    ],
    [
      4,
      5,
      3,
      4,
      1,
      2,
      3,
      4,
      2,
      3,
      0,
      1,
      2,
      3,
      2,
      1,
      2,
      3,
      4,
      5
    ],
    [
      3,
      4,
      2,
      3,
      2,
      1,
      2,
      3,
      1,
      2,
      1,
      0,
      1,
      2,
      3,
      2,
      1,
      2,
      3,
      4
    ],
    [
      4,
      3,
      3,
      2,
      3,
      2,
      1,
      2,
      2,
      1,
      2,
      1,
      0,
      1,
      4,
      3,
      2,
      1,
      2,
      3
    ],
    [
      5,
      4,
      4,
      3,
      4,
      3,
      2,
      1,
      3,
      2,
      3,
      2,
      1,
      0,
      5,
      4,
      3,
      2,
      1,
      2
    ],
    [
      6,
      7,
      5,
      6,
      3,
      4,
      5,
      6,
      4,
      5,
      2,
      3,
      4,
      5,
      0,
      1,
      2,
      3,
      4,
      5
    ],
    [
      5,
      6,
      4,
      5,
      2,
      3,
      4,
      5,
      3,
      4,
      1,
      2,
      3,
      4,
      1,
      0,
      1,
      2,
      3,
      4
    ],
    [
      4,
      5,
      3,
      4,
      3,
      2,
      3,
      4,
      2,
      3,
      2,
      1,
      2,
      3,
      2,
      1,
      0,
      1,
      2,
      3
    ],
    [
      5,
      4,
      4,
      3,
      4,
      3,
      2,
      3,
      3,
      2,
      3,
      2,
      1,
      2,
      3,
      2,
      1,
      0,
      1,
      2
    ],
    [
      6,
      5,
      5,
      4,
      5,
      4,
      3,
      2,
      4,
      3,
      4,
      3,
      2,
      1,
      4,
      3,
      2,
      1,
      0,
      1
    ],
    [
      7,
      6,
      6,
      5,
      6,
      5,
      4,
      3,
      5,
      4,
      5,
      4,
      3,
      2,
      5,
      4,
      3,
      2,
      1,
      0
    ]
  ],
  "forced_zeros_count": 10,
  "infty_pairs_count": 0,
  "finite_nonzero_count": 180,
  "forced_zeros": [
    {
      "v": "|1,0,-1/2>",
      "w": "|1,0,+1/2>",
      "d_graph": 1
    },
    {
      "v": "|2,0,-1/2>",
      "w": "|2,0,+1/2>",
      "d_graph": 1
    },
    {
      "v": "|2,1,-3/2>",
      "w": "|2,1,+3/2>",
      "d_graph": 3
    },
    {
      "v": "|2,1,-1/2>",
      "w": "|2,1,+1/2>",
      "d_graph": 1
    },
    {
      "v": "|3,0,-1/2>",
      "w": "|3,0,+1/2>",
      "d_graph": 1
    },
    {
      "v": "|3,1,-3/2>",
      "w": "|3,1,+3/2>",
      "d_graph": 3
    },
    {
      "v": "|3,1,-1/2>",
      "w": "|3,1,+1/2>",
      "d_graph": 1
    },
    {
      "v": "|3,2,-5/2>",
      "w": "|3,2,+5/2>",
      "d_graph": 5
    },
    {
      "v": "|3,2,-3/2>",
      "w": "|3,2,+3/2>",
      "d_graph": 3
    },
    {
      "v": "|3,2,-1/2>",
      "w": "|3,2,+1/2>",
      "d_graph": 1
    }
  ],
  "infty_pairs": [],
  "nonzero_range": [
    0.24247136115919335,
    2.1626896695167903
  ],
  "correlation_nz": {
    "pearson": -0.2615731641081234,
    "spearman": -0.24193335966093632
  },
  "sdp_time_seconds": 427.9529585838318
}