{
  "n_max": 3,
  "construction": "full_dirac_offdiag_CH",
  "diag_lifters": [
    1.0,
    0.1,
    0.005
  ],
  "offdiag_alpha": 1.0,
  "chirality_coupling": 1.0,
  "dim_H_full": 40,
  "dim_O_full": 55,
  "wall_time_seconds": 3975.9924194812775,
  "n_pairs_total": 780,
  "n_pairs_inf": 0,
  "n_pairs_zero_forced": 60,
  "n_pairs_finite_nz": 720,
  "finite_range": [
    0.15148663495056558,
    1.08668935416979
  ],
  "pearson_nz_vs_graph": -0.2500879319382606,
  "spearman_nz_vs_graph": -0.2300273349562273,
  "labels": [
    "|1,0,-1/2,+>",
    "|1,0,+1/2,+>",
    "|2,0,-1/2,+>",
    "|2,0,+1/2,+>",
    "|2,1,-3/2,+>",
    "|2,1,-1/2,+>",
    "|2,1,+1/2,+>",
    "|2,1,+3/2,+>",
    "|3,0,-1/2,+>",
    "|3,0,+1/2,+>",
    "|3,1,-3/2,+>",
    "|3,1,-1/2,+>",
    "|3,1,+1/2,+>",
    "|3,1,+3/2,+>",
    "|3,2,-5/2,+>",
    "|3,2,-3/2,+>",
    "|3,2,-1/2,+>",
    "|3,2,+1/2,+>",
    "|3,2,+3/2,+>",
    "|3,2,+5/2,+>",
    "|1,0,-1/2,->",
    "|1,0,+1/2,->",
    "|2,0,-1/2,->",
    "|2,0,+1/2,->",
    "|2,1,-3/2,->",
    "|2,1,-1/2,->",
    "|2,1,+1/2,->",
    "|2,1,+3/2,->",
    "|3,0,-1/2,->",
    "|3,0,+1/2,->",
    "|3,1,-3/2,->",
    "|3,1,-1/2,->",
    "|3,1,+1/2,->",
    "|3,1,+3/2,->",
    "|3,2,-5/2,->",
    "|3,2,-3/2,->",
    "|3,2,-1/2,->",
    "|3,2,+1/2,->",
    "|3,2,+3/2,->",
    "|3,2,+5/2,->"
  ],
  "distance_matrix": [
    [
      0.0,
      0.0,
      0.22075622,
      0.22075622,
      0.15467086,
      0.18258775,
      0.18258775,
      0.15467086,
      0.59497076,
      0.59497076,
      0.53089115,
      0.51628636,
      0.51628636,
      0.53089115,
      0.28503324,
      0.42936695,
      0.3767934,
      0.3767934,
      0.42936695,
      0.28503324,
      0.0,
      0.0,
      0.22075622,
      0.22075622,
      0.15467086,
      0.18258775,
      0.18258775,
      0.15467086,
      0.59497076,
      0.59497076,
      0.53089115,
      0.51628636,
      0.51628636,
      0.53089115,
      0.28503324,
      0.42936695,
      0.3767934,
      0.3767934,
      0.42936695,
      0.28503324
    ],
    [
      0.0,
      0.0,
      0.22075622,
      0.22075622,
      0.15467086,
      0.18258775,
      0.18258775,
      0.15467086,
      0.59497076,
      0.59497076,
      0.53089115,
      0.51628636,
      0.51628636,
      0.53089115,
      0.28503324,
      0.42936695,
      0.3767934,
      0.3767934,
      0.42936695,
      0.28503324,
      0.0,
      0.0,
      0.22075622,
      0.22075622,
      0.15467086,
      0.18258775,
      0.18258775,
      0.15467086,
      0.59497076,
      0.59497076,
      0.53089115,
      0.51628636,
      0.51628636,
      0.53089115,
      0.28503324,
      0.42936695,
      0.3767934,
      0.3767934,
      0.42936695,
      0.28503324
    ],
    [
      0.22075622,
      0.22075622,
      0.0,
      0.0,
      0.3166567,
      0.38506308,
      0.38506308,
      0.3166567,
      0.78299761,
      0.78299761,
      0.33931249,
      0.33419299,
      0.33419299,
      0.33931249,
      0.43082406,
      0.6396672,
      0.52820664,
      0.52820664,
      0.6396672,
      0.43082406,
      0.22075622,
      0.22075622,
      0.0,
      0.0,
      0.3166567,
      0.38506308,
      0.38506308,
      0.3166567,
      0.78299761,
      0.78299761,
      0.33931249,
      0.33419299,
      0.33419299,
      0.33931249,
      0.43082406,
      0.6396672,
      0.52820664,
      0.52820664,
      0.6396672,
      0.43082406
    ],
    [
      0.22075622,
      0.22075622,
      0.0,
      0.0,
      0.3166567,
      0.38506308,
      0.38506308,
      0.3166567,
      0.78299761,
      0.78299761,
      0.33931249,
      0.33419299,
      0.33419299,
      0.33931249,
      0.43082406,
      0.6396672,
      0.52820664,
      0.52820664,
      0.6396672,
      0.43082406,
      0.22075622,
      0.22075622,
      0.0,
      0.0,
      0.3166567,
      0.38506308,
      0.38506308,
      0.3166567,
      0.78299761,
      0.78299761,
      0.33931249,
      0.33419299,
      0.33419299,
      0.33931249,
      0.43082406,
      0.6396672,
      0.52820664,
      0.52820664,
      0.6396672,
      0.43082406
    ],
    [
      0.15467086,
      0.15467086,
      0.3166567,
      0.3166567,
      0.0,
      0.29200432,
      0.29200432,
      0.0,
      0.63662049,
      0.63662049,
      0.55667528,
      0.56586919,
      0.56586919,
      0.55667528,
      0.15148663,
      0.43256284,
      0.48112675,
      0.48112675,
      0.43256284,
      0.15148663,
      0.15467086,
      0.15467086,
      0.3166567,
      0.3166567,
      0.0,
      0.29200432,
      0.29200432,
      0.0,
      0.63662049,
      0.63662049,
      0.55667528,
      0.56586919,
      0.56586919,
      0.55667528,
      0.15148663,
      0.43256284,
      0.48112675,
      0.48112675,
      0.43256284,
      0.15148663
    ],
    [
      0.18258775,
      0.18258775,
      0.38506308,
      0.38506308,
      0.29200432,
      0.0,
      0.0,
      0.29200432,
      0.47301867,
      0.47301867,
      0.67639567,
      0.67059959,
      0.67059959,
      0.67639567,
      0.40516789,
      0.38154316,
      0.3083561,
      0.3083561,
      0.38154316,
      0.40516789,
      0.18258775,
      0.18258775,
      0.38506308,
      0.38506308,
      0.29200432,
      0.0,
      0.0,
      0.29200432,
      0.47301867,
      0.47301867,
      0.67639567,
      0.67059959,
      0.67059959,
      0.67639567,
      0.40516789,
      0.38154316,
      0.3083561,
      0.3083561,
      0.38154316,
      0.40516789
    ],
    [
      0.18258775,
      0.18258775,
      0.38506308,
      0.38506308,
      0.29200432,
      0.0,
      0.0,
      0.29200432,
      0.47301867,
      0.47301867,
      0.67639567,
      0.67059959,
      0.67059959,
      0.67639567,
      0.40516789,
      0.38154316,
      0.3083561,
      0.3083561,
      0.38154316,
      0.40516789,
      0.18258775,
      0.18258775,
      0.38506308,
      0.38506308,
      0.29200432,
      0.0,
      0.0,
      0.29200432,
      0.47301867,
      0.47301867,
      0.67639567,
      0.67059959,
      0.67059959,
      0.67639567,
      0.40516789,
      0.38154316,
      0.3083561,
      0.3083561,
      0.38154316,
      0.40516789
    ],
    [
      0.15467086,
      0.15467086,
      0.3166567,
      0.3166567,
      0.0,
      0.29200432,
      0.29200432,
      0.0,
      0.63662049,
      0.63662049,
      0.55667528,
      0.56586919,
      0.56586919,
      0.55667528,
      0.15148663,
      0.43256284,
      0.48112675,
      0.48112675,
      0.43256284,
      0.15148663,
      0.15467086,
      0.15467086,
      0.3166567,
      0.3166567,
      0.0,
      0.29200432,
      0.29200432,
      0.0,
      0.63662049,
      0.63662049,
      0.55667528,
      0.56586919,
      0.56586919,
      0.55667528,
      0.15148663,
      0.43256284,
      0.48112675,
      0.48112675,
      0.43256284,
      0.15148663
    ],
    [
      0.59497076,
      0.59497076,
      0.78299761,
      0.78299761,
      0.63662049,
      0.47301867,
      0.47301867,
      0.63662049,
      0.0,
      0.0,
      1.08668935,
      1.08516467,
      1.08516467,
      1.08668935,
      0.639664,
      0.59311832,
      0.43876132,
      0.43876132,
      0.59311832,
      0.639664,
      0.59497076,
      0.59497076,
      0.78299761,
      0.78299761,
      0.63662049,
      0.47301867,
      0.47301867,
      0.63662049,
      0.0,
      0.0,
      1.08668935,
      1.08516467,
      1.08516467,
      1.08668935,
      0.639664,
      0.59311832,
      0.43876132,
      0.43876132,
      0.59311832,
      0.639664
    ],
    [
      0.59497076,
      0.59497076,
      0.78299761,
      0.78299761,
      0.63662049,
      0.47301867,
      0.47301867,
      0.63662049,
      0.0,
      0.0,
      1.08668935,
      1.08516467,
      1.08516467,
      1.08668935,
      0.639664,
      0.59311832,
      0.43876132,
      0.43876132,
      0.59311832,
      0.639664,
      0.59497076,
      0.59497076,
      0.78299761,
      0.78299761,
      0.63662049,
      0.47301867,
      0.47301867,
      0.63662049,
      0.0,
      0.0,
      1.08668935,
      1.08516467,
      1.08516467,
      1.08668935,
      0.639664,
      0.59311832,
      0.43876132,
      0.43876132,
      0.59311832,
      0.639664
    ],
    [
      0.53089115,
      0.53089115,
      0.33931249,
      0.33931249,
      0.55667528,
      0.67639567,
      0.67639567,
      0.55667528,
      1.08668935,
      1.08668935,
      0.0,
      0.53364451,
      0.53364451,
      0.0,
      0.60085678,
      0.90292013,
      0.79110499,
      0.79110499,
      0.90292013,
      0.60085678,
      0.53089115,
      0.53089115,
      0.33931249,
      0.33931249,
      0.55667528,
      0.67639567,
      0.67639567,
      0.55667528,
      1.08668935,
      1.08668935,
      0.0,
      0.53364451,
      0.53364451,
      0.0,
      0.60085678,
      0.90292013,
      0.79110499,
      0.79110499,
      0.90292013,
      0.60085678
    ],
    [
      0.51628636,
      0.51628636,
      0.33419299,
      0.33419299,
      0.56586919,
      0.67059959,
      0.67059959,
      0.56586919,
      1.08516467,
      1.08516467,
      0.53364451,
      0.0,
      0.0,
      0.53364451,
      0.67084933,
      0.87441272,
      0.8225321,
      0.8225321,
      0.87441272,
      0.67084933,
      0.51628636,
      0.51628636,
      0.33419299,
      0.33419299,
      0.56586919,
      0.67059959,
      0.67059959,
      0.56586919,
      1.08516467,
      1.08516467,
      0.53364451,
      0.0,
      0.0,
      0.53364451,
      0.67084933,
      0.87441272,
      0.8225321,
      0.8225321,
      0.87441272,
      0.67084933
    ],
    [
      0.51628636,
      0.51628636,
      0.33419299,
      0.33419299,
      0.56586919,
      0.67059959,
      0.67059959,
      0.56586919,
      1.08516467,
      1.08516467,
      0.53364451,
      0.0,
      0.0,
      0.53364451,
      0.67084933,
      0.87441272,
      0.8225321,
      0.8225321,
      0.87441272,
      0.67084933,
      0.51628636,
      0.51628636,
      0.33419299,
      0.33419299,
      0.56586919,
      0.67059959,
      0.67059959,
      0.56586919,
      1.08516467,
      1.08516467,
      0.53364451,
      0.0,
      0.0,
      0.53364451,
      0.67084933,
      0.87441272,
      0.8225321,
      0.8225321,
      0.87441272,
      0.67084933
    ],
    [
      0.53089115,
      0.53089115,
      0.33931249,
      0.33931249,
      0.55667528,
      0.67639567,
      0.67639567,
      0.55667528,
      1.08668935,
      1.08668935,
      0.0,
      0.53364451,
      0.53364451,
      0.0,
      0.60085678,
      0.90292013,
      0.79110499,
      0.79110499,
      0.90292013,
      0.60085678,
      0.53089115,
      0.53089115,
      0.33931249,
      0.33931249,
      0.55667528,
      0.67639567,
      0.67639567,
      0.55667528,
      1.08668935,
      1.08668935,
      0.0,
      0.53364451,
      0.53364451,
      0.0,
      0.60085678,
      0.90292013,
      0.79110499,
      0.79110499,
      0.90292013,
      0.60085678
    ],
    [
      0.28503324,
      0.28503324,
      0.43082406,
      0.43082406,
      0.15148663,
      0.40516789,
      0.40516789,
      0.15148663,
      0.639664,
      0.639664,
      0.60085678,
      0.67084933,
      0.67084933,
      0.60085678,
      0.0,
      0.53153212,
      0.53106769,
      0.53106769,
      0.53153212,
      0.0,
      0.28503324,
      0.28503324,
      0.43082406,
      0.43082406,
      0.15148663,
      0.40516789,
      0.40516789,
      0.15148663,
      0.639664,
      0.639664,
      0.60085678,
      0.67084933,
      0.67084933,
      0.60085678,
      0.0,
      0.53153212,
      0.53106769,
      0.53106769,
      0.53153212,
      0.0
    ],
    [
      0.42936695,
      0.42936695,
      0.6396672,
      0.6396672,
      0.43256284,
      0.38154316,
      0.38154316,
      0.43256284,
      0.59311832,
      0.59311832,
      0.90292013,
      0.87441272,
      0.87441272,
      0.90292013,
      0.53153212,
      0.0,
      0.6776149,
      0.6776149,
      0.0,
      0.53153212,
      0.42936695,
      0.42936695,
      0.6396672,
      0.6396672,
      0.43256284,
      0.38154316,
      0.38154316,
      0.43256284,
      0.59311832,
      0.59311832,
      0.90292013,
      0.87441272,
      0.87441272,
      0.90292013,
      0.53153212,
      0.0,
      0.6776149,
      0.6776149,
      0.0,
      0.53153212
    ],
    [
      0.3767934,
      0.3767934,
      0.52820664,
      0.52820664,
      0.48112675,
      0.3083561,
      0.3083561,
      0.48112675,
      0.43876132,
      0.43876132,
      0.79110499,
      0.8225321,
      0.8225321,
      0.79110499,
      0.53106769,
      0.6776149,
      0.0,
      0.0,
      0.6776149,
      0.53106769,
      0.3767934,
      0.3767934,
      0.52820664,
      0.52820664,
      0.48112675,
      0.3083561,
      0.3083561,
      0.48112675,
      0.43876132,
      0.43876132,
      0.79110499,
      0.8225321,
      0.8225321,
      0.79110499,
      0.53106769,
      0.6776149,
      0.0,
      0.0,
      0.6776149,
      0.53106769
    ],
    [
      0.3767934,
      0.3767934,
      0.52820664,
      0.52820664,
      0.48112675,
      0.3083561,
      0.3083561,
      0.48112675,
      0.43876132,
      0.43876132,
      0.79110499,
      0.8225321,
      0.8225321,
      0.79110499,
      0.53106769,
      0.6776149,
      0.0,
      0.0,
      0.6776149,
      0.53106769,
      0.3767934,
      0.3767934,
      0.52820664,
      0.52820664,
      0.48112675,
      0.3083561,
      0.3083561,
      0.48112675,
      0.43876132,
      0.43876132,
      0.79110499,
      0.8225321,
      0.8225321,
      0.79110499,
      0.53106769,
      0.6776149,
      0.0,
      0.0,
      0.6776149,
      0.53106769
    ],
    [
      0.42936695,
      0.42936695,
      0.6396672,
      0.6396672,
      0.43256284,
      0.38154316,
      0.38154316,
      0.43256284,
      0.59311832,
      0.59311832,
      0.90292013,
      0.87441272,
      0.87441272,
      0.90292013,
      0.53153212,
      0.0,
      0.6776149,
      0.6776149,
      0.0,
      0.53153212,
      0.42936695,
      0.42936695,
      0.6396672,
      0.6396672,
      0.43256284,
      0.38154316,
      0.38154316,
      0.43256284,
      0.59311832,
      0.59311832,
      0.90292013,
      0.87441272,
      0.87441272,
      0.90292013,
      0.53153212,
      0.0,
      0.6776149,
      0.6776149,
      0.0,
      0.53153212
    ],
    [
      0.28503324,
      0.28503324,
      0.43082406,
      0.43082406,
      0.15148663,
      0.40516789,
      0.40516789,
      0.15148663,
      0.639664,
      0.639664,
      0.60085678,
      0.67084933,
      0.67084933,
      0.60085678,
      0.0,
      0.53153212,
      0.53106769,
      0.53106769,
      0.53153212,
      0.0,
      0.28503324,
      0.28503324,
      0.43082406,
      0.43082406,
      0.15148663,
      0.40516789,
      0.40516789,
      0.15148663,
      0.639664,
      0.639664,
      0.60085678,
      0.67084933,
      0.67084933,
      0.60085678,
      0.0,
      0.53153212,
      0.53106769,
      0.53106769,
      0.53153212,
      0.0
    ],
    [
      0.0,
      0.0,
      0.22075622,
      0.22075622,
      0.15467086,
      0.18258775,
      0.18258775,
      0.15467086,
      0.59497076,
      0.59497076,
      0.53089115,
      0.51628636,
      0.51628636,
      0.53089115,
      0.28503324,
      0.42936695,
      0.3767934,
      0.3767934,
      0.42936695,
      0.28503324,
      0.0,
      0.0,
      0.22075622,
      0.22075622,
      0.15467086,
      0.18258775,
      0.18258775,
      0.15467086,
      0.59497076,
      0.59497076,
      0.53089115,
      0.51628636,
      0.51628636,
      0.53089115,
      0.28503324,
      0.42936695,
      0.3767934,
      0.3767934,
      0.42936695,
      0.28503324
    ],
    [
      0.0,
      0.0,
      0.22075622,
      0.22075622,
      0.15467086,
      0.18258775,
      0.18258775,
      0.15467086,
      0.59497076,
      0.59497076,
      0.53089115,
      0.51628636,
      0.51628636,
      0.53089115,
      0.28503324,
      0.42936695,
      0.3767934,
      0.3767934,
      0.42936695,
      0.28503324,
      0.0,
      0.0,
      0.22075622,
      0.22075622,
      0.15467086,
      0.18258775,
      0.18258775,
      0.15467086,
      0.59497076,
      0.59497076,
      0.53089115,
      0.51628636,
      0.51628636,
      0.53089115,
      0.28503324,
      0.42936695,
      0.3767934,
      0.3767934,
      0.42936695,
      0.28503324
    ],
    [
      0.22075622,
      0.22075622,
      0.0,
      0.0,
      0.3166567,
      0.38506308,
      0.38506308,
      0.3166567,
      0.78299761,
      0.78299761,
      0.33931249,
      0.33419299,
      0.33419299,
      0.33931249,
      0.43082406,
      0.6396672,
      0.52820664,
      0.52820664,
      0.6396672,
      0.43082406,
      0.22075622,
      0.22075622,
      0.0,
      0.0,
      0.3166567,
      0.38506308,
      0.38506308,
      0.3166567,
      0.78299761,
      0.78299761,
      0.33931249,
      0.33419299,
      0.33419299,
      0.33931249,
      0.43082406,
      0.6396672,
      0.52820664,
      0.52820664,
      0.6396672,
      0.43082406
    ],
    [
      0.22075622,
      0.22075622,
      0.0,
      0.0,
      0.3166567,
      0.38506308,
      0.38506308,
      0.3166567,
      0.78299761,
      0.78299761,
      0.33931249,
      0.33419299,
      0.33419299,
      0.33931249,
      0.43082406,
      0.6396672,
      0.52820664,
      0.52820664,
      0.6396672,
      0.43082406,
      0.22075622,
      0.22075622,
      0.0,
      0.0,
      0.3166567,
      0.38506308,
      0.38506308,
      0.3166567,
      0.78299761,
      0.78299761,
      0.33931249,
      0.33419299,
      0.33419299,
      0.33931249,
      0.43082406,
      0.6396672,
      0.52820664,
      0.52820664,
      0.6396672,
      0.43082406
    ],
    [
      0.15467086,
      0.15467086,
      0.3166567,
      0.3166567,
      0.0,
      0.29200432,
      0.29200432,
      0.0,
      0.63662049,
      0.63662049,
      0.55667528,
      0.56586919,
      0.56586919,
      0.55667528,
      0.15148663,
      0.43256284,
      0.48112675,
      0.48112675,
      0.43256284,
      0.15148663,
      0.15467086,
      0.15467086,
      0.3166567,
      0.3166567,
      0.0,
      0.29200432,
      0.29200432,
      0.0,
      0.63662049,
      0.63662049,
      0.55667528,
      0.56586919,
      0.56586919,
      0.55667528,
      0.15148663,
      0.43256284,
      0.48112675,
      0.48112675,
      0.43256284,
      0.15148663
    ],
    [
      0.18258775,
      0.18258775,
      0.38506308,
      0.38506308,
      0.29200432,
      0.0,
      0.0,
      0.29200432,
      0.47301867,
      0.47301867,
      0.67639567,
      0.67059959,
      0.67059959,
      0.67639567,
      0.40516789,
      0.38154316,
      0.3083561,
      0.3083561,
      0.38154316,
      0.40516789,
      0.18258775,
      0.18258775,
      0.38506308,
      0.38506308,
      0.29200432,
      0.0,
      0.0,
      0.29200432,
      0.47301867,
      0.47301867,
      0.67639567,
      0.67059959,
      0.67059959,
      0.67639567,
      0.40516789,
      0.38154316,
      0.3083561,
      0.3083561,
      0.38154316,
      0.40516789
    ],
    [
      0.18258775,
      0.18258775,
      0.38506308,
      0.38506308,
      0.29200432,
      0.0,
      0.0,
      0.29200432,
      0.47301867,
      0.47301867,
      0.67639567,
      0.67059959,
      0.67059959,
      0.67639567,
      0.40516789,
      0.38154316,
      0.3083561,
      0.3083561,
      0.38154316,
      0.40516789,
      0.18258775,
      0.18258775,
      0.38506308,
      0.38506308,
      0.29200432,
      0.0,
      0.0,
      0.29200432,
      0.47301867,
      0.47301867,
      0.67639567,
      0.67059959,
      0.67059959,
      0.67639567,
      0.40516789,
      0.38154316,
      0.3083561,
      0.3083561,
      0.38154316,
      0.40516789
    ],
    [
      0.15467086,
      0.15467086,
      0.3166567,
      0.3166567,
      0.0,
      0.29200432,
      0.29200432,
      0.0,
      0.63662049,
      0.63662049,
      0.55667528,
      0.56586919,
      0.56586919,
      0.55667528,
      0.15148663,
      0.43256284,
      0.48112675,
      0.48112675,
      0.43256284,
      0.15148663,
      0.15467086,
      0.15467086,
      0.3166567,
      0.3166567,
      0.0,
      0.29200432,
      0.29200432,
      0.0,
      0.63662049,
      0.63662049,
      0.55667528,
      0.56586919,
      0.56586919,
      0.55667528,
      0.15148663,
      0.43256284,
      0.48112675,
      0.48112675,
      0.43256284,
      0.15148663
    ],
    [
      0.59497076,
      0.59497076,
      0.78299761,
      0.78299761,
      0.63662049,
      0.47301867,
      0.47301867,
      0.63662049,
      0.0,
      0.0,
      1.08668935,
      1.08516467,
      1.08516467,
      1.08668935,
      0.639664,
      0.59311832,
      0.43876132,
      0.43876132,
      0.59311832,
      0.639664,
      0.59497076,
      0.59497076,
      0.78299761,
      0.78299761,
      0.63662049,
      0.47301867,
      0.47301867,
      0.63662049,
      0.0,
      0.0,
      1.08668935,
      1.08516467,
      1.08516467,
      1.08668935,
      0.639664,
      0.59311832,
      0.43876132,
      0.43876132,
      0.59311832,
      0.639664
    ],
    [
      0.59497076,
      0.59497076,
      0.78299761,
      0.78299761,
      0.63662049,
      0.47301867,
      0.47301867,
      0.63662049,
      0.0,
      0.0,
      1.08668935,
      1.08516467,
      1.08516467,
      1.08668935,
      0.639664,
      0.59311832,
      0.43876132,
      0.43876132,
      0.59311832,
      0.639664,
      0.59497076,
      0.59497076,
      0.78299761,
      0.78299761,
      0.63662049,
      0.47301867,
      0.47301867,
      0.63662049,
      0.0,
      0.0,
      1.08668935,
      1.08516467,
      1.08516467,
      1.08668935,
      0.639664,
      0.59311832,
      0.43876132,
      0.43876132,
      0.59311832,
      0.639664
    ],
    [
      0.53089115,
      0.53089115,
      0.33931249,
      0.33931249,
      0.55667528,
      0.67639567,
      0.67639567,
      0.55667528,
      1.08668935,
      1.08668935,
      0.0,
      0.53364451,
      0.53364451,
      0.0,
      0.60085678,
      0.90292013,
      0.79110499,
      0.79110499,
      0.90292013,
      0.60085678,
      0.53089115,
      0.53089115,
      0.33931249,
      0.33931249,
      0.55667528,
      0.67639567,
      0.67639567,
      0.55667528,
      1.08668935,
      1.08668935,
      0.0,
      0.53364451,
      0.53364451,
      0.0,
      0.60085678,
      0.90292013,
      0.79110499,
      0.79110499,
      0.90292013,
      0.60085678
    ],
    [
      0.51628636,
      0.51628636,
      0.33419299,
      0.33419299,
      0.56586919,
      0.67059959,
      0.67059959,
      0.56586919,
      1.08516467,
      1.08516467,
      0.53364451,
      0.0,
      0.0,
      0.53364451,
      0.67084933,
      0.87441272,
      0.8225321,
      0.8225321,
      0.87441272,
      0.67084933,
      0.51628636,
      0.51628636,
      0.33419299,
      0.33419299,
      0.56586919,
      0.67059959,
      0.67059959,
      0.56586919,
      1.08516467,
      1.08516467,
      0.53364451,
      0.0,
      0.0,
      0.53364451,
      0.67084933,
      0.87441272,
      0.8225321,
      0.8225321,
      0.87441272,
      0.67084933
    ],
    [
      0.51628636,
      0.51628636,
      0.33419299,
      0.33419299,
      0.56586919,
      0.67059959,
      0.67059959,
      0.56586919,
      1.08516467,
      1.08516467,
      0.53364451,
      0.0,
      0.0,
      0.53364451,
      0.67084933,
      0.87441272,
      0.8225321,
      0.8225321,
      0.87441272,
      0.67084933,
      0.51628636,
      0.51628636,
      0.33419299,
      0.33419299,
      0.56586919,
      0.67059959,
      0.67059959,
      0.56586919,
      1.08516467,
      1.08516467,
      0.53364451,
      0.0,
      0.0,
      0.53364451,
      0.67084933,
      0.87441272,
      0.8225321,
      0.8225321,
      0.87441272,
      0.67084933
    ],
    [
      0.53089115,
      0.53089115,
      0.33931249,
      0.33931249,
      0.55667528,
      0.67639567,
      0.67639567,
      0.55667528,
      1.08668935,
      1.08668935,
      0.0,
      0.53364451,
      0.53364451,
      0.0,
      0.60085678,
      0.90292013,
      0.79110499,
      0.79110499,
      0.90292013,
      0.60085678,
      0.53089115,
      0.53089115,
      0.33931249,
      0.33931249,
      0.55667528,
      0.67639567,
      0.67639567,
      0.55667528,
      1.08668935,
      1.08668935,
      0.0,
      0.53364451,
      0.53364451,
      0.0,
      0.60085678,
      0.90292013,
      0.79110499,
      0.79110499,
      0.90292013,
      0.60085678
    ],
    [
      0.28503324,
      0.28503324,
      0.43082406,
      0.43082406,
      0.15148663,
      0.40516789,
      0.40516789,
      0.15148663,
      0.639664,
      0.639664,
      0.60085678,
      0.67084933,
      0.67084933,
      0.60085678,
      0.0,
      0.53153212,
      0.53106769,
      0.53106769,
      0.53153212,
      0.0,
      0.28503324,
      0.28503324,
      0.43082406,
      0.43082406,
      0.15148663,
      0.40516789,
      0.40516789,
      0.15148663,
      0.639664,
      0.639664,
      0.60085678,
      0.67084933,
      0.67084933,
      0.60085678,
      0.0,
      0.53153212,
      0.53106769,
      0.53106769,
      0.53153212,
      0.0
    ],
    [
      0.42936695,
      0.42936695,
      0.6396672,
      0.6396672,
      0.43256284,
      0.38154316,
      0.38154316,
      0.43256284,
      0.59311832,
      0.59311832,
      0.90292013,
      0.87441272,
      0.87441272,
      0.90292013,
      0.53153212,
      0.0,
      0.6776149,
      0.6776149,
      0.0,
      0.53153212,
      0.42936695,
      0.42936695,
      0.6396672,
      0.6396672,
      0.43256284,
      0.38154316,
      0.38154316,
      0.43256284,
      0.59311832,
      0.59311832,
      0.90292013,
      0.87441272,
      0.87441272,
      0.90292013,
      0.53153212,
      0.0,
      0.6776149,
      0.6776149,
      0.0,
      0.53153212
    ],
    [
      0.3767934,
      0.3767934,
      0.52820664,
      0.52820664,
      0.48112675,
      0.3083561,
      0.3083561,
      0.48112675,
      0.43876132,
      0.43876132,
      0.79110499,
      0.8225321,
      0.8225321,
      0.79110499,
      0.53106769,
      0.6776149,
      0.0,
      0.0,
      0.6776149,
      0.53106769,
      0.3767934,
      0.3767934,
      0.52820664,
      0.52820664,
      0.48112675,
      0.3083561,
      0.3083561,
      0.48112675,
      0.43876132,
      0.43876132,
      0.79110499,
      0.8225321,
      0.8225321,
      0.79110499,
      0.53106769,
      0.6776149,
      0.0,
      0.0,
      0.6776149,
      0.53106769
    ],
    [
      0.3767934,
      0.3767934,
      0.52820664,
      0.52820664,
      0.48112675,
      0.3083561,
      0.3083561,
      0.48112675,
      0.43876132,
      0.43876132,
      0.79110499,
      0.8225321,
      0.8225321,
      0.79110499,
      0.53106769,
      0.6776149,
      0.0,
      0.0,
      0.6776149,
      0.53106769,
      0.3767934,
      0.3767934,
      0.52820664,
      0.52820664,
      0.48112675,
      0.3083561,
      0.3083561,
      0.48112675,
      0.43876132,
      0.43876132,
      0.79110499,
      0.8225321,
      0.8225321,
      0.79110499,
      0.53106769,
      0.6776149,
      0.0,
      0.0,
      0.6776149,
      0.53106769
    ],
    [
      0.42936695,
      0.42936695,
      0.6396672,
      0.6396672,
      0.43256284,
      0.38154316,
      0.38154316,
      0.43256284,
      0.59311832,
      0.59311832,
      0.90292013,
      0.87441272,
      0.87441272,
      0.90292013,
      0.53153212,
      0.0,
      0.6776149,
      0.6776149,
      0.0,
      0.53153212,
      0.42936695,
      0.42936695,
      0.6396672,
      0.6396672,
      0.43256284,
      0.38154316,
      0.38154316,
      0.43256284,
      0.59311832,
      0.59311832,
      0.90292013,
      0.87441272,
      0.87441272,
      0.90292013,
      0.53153212,
      0.0,
      0.6776149,
      0.6776149,
      0.0,
      0.53153212
    ],
    [
      0.28503324,
      0.28503324,
      0.43082406,
      0.43082406,
      0.15148663,
      0.40516789,
      0.40516789,
      0.15148663,
      0.639664,
      0.639664,
      0.60085678,
      0.67084933,
      0.67084933,
      0.60085678,
      0.0,
      0.53153212,
      0.53106769,
      0.53106769,
      0.53153212,
      0.0,
      0.28503324,
      0.28503324,
      0.43082406,
      0.43082406,
      0.15148663,
      0.40516789,
      0.40516789,
      0.15148663,
      0.639664,
      0.639664,
      0.60085678,
      0.67084933,
      0.67084933,
      0.60085678,
      0.0,
      0.53153212,
      0.53106769,
      0.53106769,
      0.53153212,
      0.0
    ]
  ]
}