{
  "n_max": 2,
  "labels": [
    "|1,0,+0>",
    "|2,0,+0>",
    "|2,1,-1>",
    "|2,1,+0>",
    "|2,1,+1>"
  ],
  "avery_distance_matrix": [
    [
      0.0,
      174.9343234496518,
      87.17505405644903,
      1.2717049746505658,
      87.17505405644903
    ],
    [
      174.9343234496518,
      0.0,
      262.10817160281863,
      175.52583015289406,
      262.10817160281863
    ],
    [
      87.17505405644903,
      262.10817160281863,
      0.0,
      86.6019473008835,
      0.0
    ],
    [
      1.2717049746505658,
      175.52583015289406,
      86.6019473008835,
      0.0,
      86.6019473008835
    ],
    [
      87.17505405644903,
      262.10817160281863,
      0.0,
      86.6019473008835,
      0.0
    ]
  ],
  "placeholder_distance_matrix": [
    [
      0.0,
      58.3114,
      87.1751,
      1.2717,
      87.1751
    ],
    [
      58.3114,
      0.0,
      28.8673,
      57.7347,
      28.8673
    ],
    [
      87.1751,
      28.8673,
      0.0,
      86.602,
      0.0
    ],
    [
      1.2717,
      57.7347,
      86.602,
      0.0,
      86.602
    ],
    [
      87.1751,
      28.8673,
      0.0,
      86.602,
      0.0
    ]
  ],
  "graph_distance_matrix": [
    [
      0,
      1,
      3,
      2,
      3
    ],
    [
      1,
      0,
      2,
      1,
      2
    ],
    [
      3,
      2,
      0,
      1,
      2
    ],
    [
      2,
      1,
      1,
      0,
      1
    ],
    [
      3,
      2,
      2,
      1,
      0
    ]
  ],
  "pairs_compared": [
    {
      "v": "|1,0,+0>",
      "w": "|2,0,+0>",
      "d_avery": 174.9343234496518,
      "d_placeholder": 58.3114,
      "ratio": 3.000002117075766,
      "d_graph": 1
    },
    {
      "v": "|1,0,+0>",
      "w": "|2,1,-1>",
      "d_avery": 87.17505405644903,
      "d_placeholder": 87.1751,
      "ratio": 0.9999994729739229,
      "d_graph": 3
    },
    {
      "v": "|1,0,+0>",
      "w": "|2,1,+0>",
      "d_avery": 1.2717049746505658,
      "d_placeholder": 1.2717,
      "ratio": 1.0000039118114066,
      "d_graph": 2
    },
    {
      "v": "|1,0,+0>",
      "w": "|2,1,+1>",
      "d_avery": 87.17505405644903,
      "d_placeholder": 87.1751,
      "ratio": 0.9999994729739229,
      "d_graph": 3
    },
    {
      "v": "|2,0,+0>",
      "w": "|2,1,-1>",
      "d_avery": 262.10817160281863,
      "d_placeholder": 28.8673,
      "ratio": 9.079760545766963,
      "d_graph": 2
    },
    {
      "v": "|2,0,+0>",
      "w": "|2,1,+0>",
      "d_avery": 175.52583015289406,
      "d_placeholder": 57.7347,
      "ratio": 3.040213773569345,
      "d_graph": 1
    },
    {
      "v": "|2,0,+0>",
      "w": "|2,1,+1>",
      "d_avery": 262.10817160281863,
      "d_placeholder": 28.8673,
      "ratio": 9.079760545766963,
      "d_graph": 2
    },
    {
      "v": "|2,1,-1>",
      "w": "|2,1,+0>",
      "d_avery": 86.6019473008835,
      "d_placeholder": 86.602,
      "ratio": 0.9999993914792209,
      "d_graph": 1
    },
    {
      "v": "|2,1,-1>",
      "w": "|2,1,+1>",
      "d_avery": 0.0,
      "d_placeholder": 0.0,
      "ratio": 1.0,
      "d_graph": 2
    },
    {
      "v": "|2,1,+0>",
      "w": "|2,1,+1>",
      "d_avery": 86.6019473008835,
      "d_placeholder": 86.602,
      "ratio": 0.9999993914792209,
      "d_graph": 1
    }
  ],
  "structural_checks": {
    "m_reflection_forced_zeros": {
      "d(|2,1,-1>, |2,1,+1>)": 0.0
    },
    "distinct_nonzero_values_avery": [
      1.2717,
      86.6019,
      87.1751,
      174.9343,
      175.5258,
      262.1082
    ],
    "fifty_sqrt_3_target": 86.60254037844386,
    "values_near_50sqrt3": [
      86.6019
    ],
    "correlation_with_graph_distance": {
      "pearson_all": -0.15696745594924463,
      "spearman_all": 0.0,
      "pearson_excluding_zeros": -0.13120034270833075,
      "spearman_excluding_zeros": 0.08119979429411502
    }
  },
  "compute_time_seconds": 1.3492765426635742
}